58
91
215
58
91
215
58
91
215
58
91
215
58
91
215
58
91
215
58
91
215
58
91
215
58
91
215
58
91
215
58
91
215
58
91
215
58
91
215
58
91
215
58
91
215
58
91
215
58
91
215
58
91
215
58
91
215
58
91
215
58
91
215
58
91
215
58
91
215
58
91
215
58
91
215
58
91
215
58
91
215
58
91
215
58
91
215
58
91
215
58
91
215
58
91
215
58
91
215
58
91
215
58
91
215
58
91
215
58
91
215
58
91
215
58
91
215
58
91
215
58
91
215
58
91
215
58
91
215
58
91
215
58
91
215
58
91
215
58
91
215
58
91
215
58
91
215
58
91
215
